0.004
0.008
0.011
0.016
0.02
0.017
0.008
0.011
0.01
0.005
0.009
0.032
0.042
0.039
0.033
0.021
0.069
0.631
1.723
2.269
2.199
1.972
1.146
0.28
0.009
0.01
0.011
0.017
0.019
0.012
0.001
0.008
0.015
0.024
0.026
0.026
0.052
0.229
0.553
0.696
0.682
0.613
0.344
0.093
0.023
0.027
0.004
0.036
0.111
0.206
0.244
0.229
0.194
0.133
0.108
0.115
0.139
0.309
0.613
0.724
0.704
0.613
0.314
0.136
0.137
0.128
0.164
0.206
0.225
0.231
0.203
0.132
0.069
0.026
0.011
0.06
0.158
0.436
0.781
0.838
0.754
0.59
0.237
0.044
0.048
0.033
0.036
0.039
0.042
0.047
0.043
0.042
0.03
0.007
0.013
0.033
0.067
0.163
0.287
0.316
0.309
0.243
0.104
0.029
0.023
0.024
0.026
0.025
0.022
0.022
0.019
0.003
0.007
0.012
0.03
0.067
0.115
0.219
0.317
0.312
0.293
0.227
0.123
0.081
0.042
0.028
0.058
0.095
0.116
0.108
0.073
0.043
0.041
0.041
0.038
0.05
0.117
0.329
0.5
0.511
0.492
0.354
0.159
0.09
0.078
0.082
0.13
0.178
0.181
0.172
0.138
0.088
0.08
0.067
0.092
0.159
0.148
0.344
0.55
0.604
0.601
0.382
0.105
0.055
0.037
0.024
0.041
0.066
0.072
0.059
0.048
0.034
0.029
0.017
0.026
0.022
0.002
0.022
0.039
0.036
0.015
0.013
0.038
0.045
0.031
0.019
0.038
0.041
0.021
0.008
0.033
0.038
0.037
0.042
0.037
0.015
0.065
0.183
0.235
0.229
0.203
0.107
0.02
0.007
0.021
0.044
0.068
0.077
0.083
0.081
0.065
0.054
0.044
0.038
0.035
0.039
0.072
0.129
0.148
0.137
0.108
0.053
0.015
0.012
0.011
0.03
0.051
0.059
0.053
0.041
0.019
0.004
0.014
0.019
0.024
0.034
0.059
0.091
0.098
0.095
0.07
0.021
0.013
0.022
0.027
0.039
0.053
0.058
0.064
0.065
0.049
0.036
0.026
0.02
0.02
0.017
0.019
0.019
0.018
0.025
0.026
0.022
0.021
0.011
0.001
0.007
0.012
0.013
0.015
0.017
0.016
0.013
0.012
0.009
0.008
0.014
0.027
0.038
0.033
0.024
0.018
0.011
0.008
0.013
0.021
0.028
0.033
0.031
0.028
0.021
0.008
0.002
0.001
0
0
0.006
0.024
0.038
0.043
0.044
0.029
0.008
0.007
0.008
0.007
0.004
0.003
0.007
0.008
0.005
0.004
0.002
0.003
0.002
0.005
0.017
0.043
0.058
0.057
0.051
0.032
0.011
0.007
0.009
0.012
0.016
0.019
0.018
0.016
0.01
0.003
0.002
0.003
0.002
0.004
0.012
0.028
0.034
0.031
0.028
0.018
0.008
0.005
0.007
0.01
0.014
0.018
0.021
0.025
0.023
0.017
0.014
0.011
0.011
0.018
0.032
0.052
0.056
0.051
0.042
0.025
0.017
0.016
0.015
0.012
0.007
0.007
0.009
0.01
0.011
0.013
0.01
0.009
0.011
0.009
0.013
0.032
0.042
0.045
0.04
0.023
0.014
0.013
0.011
0.005
0.001
0.003
0.007
0.01
0.012
0.016
0.019
0.02
0.019
0.015
0.006
0.018
0.023
0.024
0.02
0.016
0.018
0.022
0.025
0.027
0.026
0.027
0.026
0.015
0.011
0.008
0.002
0.01
0.017
0.022
0.026
0.026
0.024
0.025
0.017
0.009
0.008
0.015
0.02
0.015
0.01
0.006
0.001
0.003
0.007
0.012
0.018
0.018
0.018
0.012
0.01
0.023
0.034
0.038
0.035
0.025
0.014
0.012
0.02
0.027
0.025
0.024
0.02
0.021
0.019
0.015
0.033
0.04
0.041
0.034
0.032
0.041
0.044
0.049
0.05
0.043
0.035
0.027
0.012
0.008
0.013
0.013
0.013
0.012
0.007
0.02
0.032
0.032
0.037
0.047
0.041
0.031
0.021
0.002
0.029
0.046
0.049
0.036
0.012
0.005
0.005
0.013
0.023
0.028
0.021
0.001
0.02
0.028
0.028
0.02
0.015
0.014
0.016
0.014